0.9555843035791289 0.8733650416171225
0.9555843035791289 0.8733650416171225
0.9555843035791289 0.8733650416171225
0.9555843035791289 0.8733650416171225
0.9555843035791289 0.8733650416171225
0.9555843035791289 0.8733650416171225
0.9555843035791289 0.8733650416171225
0.9555843035791289 0.8733650416171225
0.9555843035791289 0.8733650416171225
0.9555843035791289 0.8733650416171225
0.9555843035791289 0.8733650416171225
0.9555843035791289 0.8733650416171225
0.9555843035791289 0.8733650416171225
0.9555843035791289 0.8733650416171225
0.9555843035791289 0.8733650416171225
0.9555843035791289 0.8733650416171225
0.9555843035791289 0.8733650416171225
0.9555843035791289 0.8733650416171225
0.9555843035791289 0.8733650416171225
0.9555843035791289 0.8733650416171225
0.9555843035791289 0.8733650416171225
0.9555843035791289 0.8733650416171225
0.9555843035791289 0.8733650416171225
0.9555843035791289 0.8733650416171225
0.9555843035791289 0.8733650416171225
0.9555843035791289 0.8733650416171225
0.9555843035791289 0.8733650416171225
0.9555843035791289 0.8733650416171225
0.9555843035791289 0.8733650416171225
0.9555843035791289 0.8733650416171225
0.9555843035791289 0.8733650416171225
0.9555843035791289 0.8733650416171225
0.9555843035791289 0.8733650416171225
0.9555843035791289 0.8733650416171225
0.9555843035791289 0.8733650416171225
0.9555843035791289 0.8733650416171225
0.9555843035791289 0.8733650416171225
0.9555843035791289 0.8733650416171225
0.9555843035791289 0.8733650416171225
0.9555843035791289 0.8733650416171225
0.9555843035791289 0.8733650416171225
0.9555843035791289 0.8733650416171225
0.9555843035791289 0.8733650416171225
0.9555843035791289 0.8733650416171225
0.9555843035791289 0.8733650416171225
0.9555843035791289 0.8733650416171225
0.9555843035791289 0.8733650416171225
0.9555843035791289 0.8733650416171225
0.9555843035791289 0.8733650416171225
0.9555843035791289 0.8733650416171225
0.9555843035791289 0.8733650416171225
0.9555843035791289 0.8733650416171225
0.9555843035791289 0.8733650416171225
0.9555843035791289 0.8733650416171225
0.9555843035791289 0.8733650416171225
0.9555843035791289 0.8733650416171225
0.9555843035791289 0.8733650416171225
0.9555843035791289 0.8733650416171225
0.9555843035791289 0.8733650416171225
0.9555843035791289 0.8733650416171225
0.9555843035791289 0.8733650416171225
0.9555843035791289 0.8733650416171225
0.9555843035791289 0.8733650416171225
0.9555843035791289 0.8733650416171225
0.9555843035791289 0.8733650416171225
0.9555843035791289 0.8733650416171225
0.9555843035791289 0.8733650416171225
0.9555843035791289 0.8733650416171225
0.9555843035791289 0.8733650416171225
0.9555843035791289 0.8733650416171225
0.9555843035791289 0.8733650416171225
0.9555843035791289 0.8733650416171225
0.9555843035791289 0.8733650416171225
0.9555843035791289 0.8733650416171225
0.9555843035791289 0.8733650416171225
0.9555843035791289 0.8733650416171225
0.9555843035791289 0.8733650416171225
0.9555843035791289 0.8733650416171225
0.9555843035791289 0.8733650416171225
0.9555843035791289 0.8733650416171225
0.9555843035791289 0.8733650416171225
0.9555843035791289 0.8733650416171225
0.9555843035791289 0.8733650416171225
0.9555843035791289 0.8733650416171225
0.9555843035791289 0.8733650416171225
0.9555843035791289 0.8733650416171225
0.9555843035791289 0.8733650416171225
0.9555843035791289 0.8733650416171225
0.9555843035791289 0.8733650416171225
0.9555843035791289 0.8733650416171225
0.9555843035791289 0.8733650416171225
0.9555843035791289 0.8733650416171225
